$ANSIBLE_VAULT;1.1;AES256
31393036343030326634383432343234353537646430633932343839306164386538306531656461
3763633632353961613730613432633033323364663238330a306138613339393139393764373338
34343532303964656138376162323639656562626264366561313361343638636264343561306339
3634363864326264320a313336346234626434316439326266333638623461393636623764376631
38623835383362666165313139373932373634363530363761363462323733316262303530636466
31336537343163626534303838613136626335376539663961303863376239383235343338306638
39663834356362353635356362333831393332623135343536666166323231326330656464313462
32623061303562613137643834323534336566343162616232363366303365633162356634396262
32616631366636386134376362306531326639306330646266343230386163623361636463623362
61303663336138616236363739333265343438643161626135393731343163636537613031616537
66396237656466343637303037623533623333363933313238646639663330666335346439376166
35346365323236656364396561343161613265626238653235366438616536636133346539386463
36323764623264313964653639363764376366646530376233636362613039323566613037613233
36326234386262626638613332333564633538376436633565626536393233653330313535323637
33336365383761343839303261623631366137363665663563346432386161323837333061613165
33333139343665346138613433376635316665636438636338663832303530373530356462376131
61356435353134393536343433653536346333326563353761646532353662643462353835666639
30323130623131666534393239313762363365663363613263643335336463333234613031323134
38393537613033636639333638363338313135666664653064616130313266376232373465343263
37656265383165303065376530616437666534653062386666653563393064646131663633636262
39626239333961353263343636303731303933663332666435343031383535306133383364366266
65303237366233613939313465656131333838373766356334663332373733336161323638396538
65643633653032376438396230373032366133393333646236343232636535633334356530656439
36656632643564346461636265663361663062643539623963386532336635326166363332313632
39623734653130633962363434376430303332313565326438336438346231346433353339383563
30363830353834393730666536333961646438323566323062333636323839353630646363643332
63646634326430336463303032623339393533316164666534333031346433643262353636346639
63386232623034326434353866623065633466393833393565633964623864333936336331393538
62636539646238366430623937323930383732303936363937623139316234653533306131356430
31633332303133633165343866303738383435386664396532336431623936393239663732346633
64626463333834376236303665363737376361616332343336663333356466343465323036666264
65616438396334643230373136373539643434356439623836656362626166656263663130376138
34646335303161643732396136313865663635303533643037323236666364323064313666623531
39396135326234323334313961306633303632336564333732653164366437613761303736313835
63326630626637376262613033366537633632323862363037356463343963303536356236656163
37643562303361393732386538636165643866373566336238323737646561636363633434376637
63313138383464373432633862656637316262336238346566333538633736643731656434363933
63626233386637623933356338373835366130646531323430316336366562343930366166343237
37663736376566303263363866393864386561346431626436633332363264303362616337323931
38653538653334653763623139643638346634633732666566313837623334373339633032386536
64393833353162356362666462303937373936656531383434616431386239666138376262353039
64353366303966303465306465386665643062386337396664343961656132333966343235633939
30363561343236356661353035373532383538646463656139363365303738613161353636336366
37623136386165646233373938303838356338323766363036366235306533386131316662646439
37613737623030333365636535303335643739393130346663373363613133373638303031646139
3431306465366366616162656331646636623066613438626538
