$ANSIBLE_VAULT;1.1;AES256
30346234316433616131373933373666353630373536636133616165353832626438396463343963
3063326336326633313437363537653161316363386561390a383334303833343630316236326139
30363066313236323537613836653739633530623465653261386631646665323838353230633462
6635313538356664300a623662386133623432373331336565376665383536376334313931633333
31366266353734653263343064306430653839653539323066323165626566343234343132356433
64393639343032636466343538376330306238656138633836643939346636643031333536333235
61313637633163613966653362313932653836626266373038376532653432386530663232646331
31623936336136376233333437653965366231383136323662653032626165323466303764333663
38383561646466373565383438356631633363366561303233616232336166393665333435363864
61643664313661396538376363643562333035613565396535343830303538366634366264663531
37656439613633363033313062663138616334313836386535633937316535656637653564373833
66383834323238613361326635373031373563353730636161353537653937616666333135363931
63313339663135643530643230396232663561343566323361333339653665643837363361656265
30323765613663656566373437363531643761383538313732656364623065373565303663353765
39343430303134653730353036303130396633306361376164323263653063313733333834663731
33393831356332363630633833666366643236393832323163356133663465663638663066623432
64393935666632633639343664623536363837306239303930333361643963343731623632396439
31393963613864343131326662326130636132613330623736343832303833306664636632616266
62623561346666636336323562313663343561353834363631663263623630316364623866376566
65346333626238663138636363373464666533386166396364623639653836646436626337353231
39396439623331616435336236643162623738363166303666353236623932646664386230323437
30303534363838303362643933383461653631666662633065343966643733363162363437643563
66663665626436616334613466373330323337626262663062653033666362366438356639356539
38653734336464343761636163303138313231613161303330356264656630383633663637393134
33313437313838343365636665643231633230613234353438316566366164636335386234643031
61323235346536636438636439396662383132656635643435383538336236396136333233383463
31623538363539386533373538306264326430373364366261363137653837323962666136343035
63613663663332323339616533303435636530396339396233396333663034653662313338356135
35653362336265656634323136343033666561316665363639323362313231343764653464333131
63336566363564633161633236643731656437386166303362356362393766643439343432383965
64306362633230383134376232336564336165353864653732343439353831323339323535636535
63656237396330383037363133373336346338646461303038386133636165396139643965306235
36316633393236653263346235386166666332386132396436373463376339383631323531323265
33336136356538663430303231316434383637393963373030393738363766613738366130306337
31363233303130313131306238653239393663663935656361356262616338353937393831653136
38353263306431633739366335353363306635663362303362646261373663396462643264373038
33373433646665313737323561366235663464393864663636656635393036663036396236633733
32623637626339353366393235663339393336336261393366316438343661326436613564333732
63383866643539306133383237396266316333663933653264636436336333653837343763313033
62613034643631323539356631386132663930663231613261663633343661323461313161646535
61363232663932373535663637653538643937373731333132633362613230353165343531353631
37316436353937353164663430313663326163363663663135306439393530653364653837353966
38373437353339643861646561316234393231333837363931383932303263613831396639353230
61366166623131666333323566383961643230323433366531643236346632356663646332356533
36376463653362323265653763386635363365343666353531646434613264316330613130353961
65623466613562636533383137646530666431366664643131663937643862303662353839626232
64316264636335643833626366353434316636616636616364343334366639613139653833373436
39383134323839343865336636343234306463383932373062346531343865326231303932343861
66306663363737333564336465373564383838313233303564356263323434306463373038653139
66383737653836333232643863303562376231386363636262383863613663613139643133356563
35636266366434366663646637373264643438303530323439643034613836313561653638623662
64326631386230306332643863343630646262353231653665386630336465376638333362343831
38373530613635623764323864333065343038333431343734616263613163316363616532623939
31356366373364313533373739306661313236326535383065393239343539333966353232393964
61386133323737366239343562383464326365383461626261323939323031356631313636323332
34306231353664666562346633393733326663643138623737386432643965663565663032323136
35363336626239396164393235363836626531333464663762356431353338313439653665356638
62396233366236316161336361333133396638653566393431303537333037653962653733653831
62313031323235653736353766356264663634306537666431343933356361323338343933376534
62646163363534323936633263376238376136376666663135393263636163303135366163323135
31373064636364356261643634376433306632316530663763356439366364353164303861643561
35323033663037356330393139303931643034303031646337373162343434626263626330656432
30666564323663373732636237663166373162303730313630623437353463323233623963323462
30663634663132663930636563356565626133346436633734306362643537623661313466653535
62343835306466333135316536313063366132653739326566643437333839373036373863666439
32336534333936333639653362343839343136316261323565323839316566326232343331373334
34396438643661373766386530613161353936633664633261333664373061613439366636366633
37383539333064633833353965323561363138646235386664636461353961623662646334636163
63653834356339613065333034353064346563313664656662363739353636653730363737653131
36376632666636353339353630303733623066626436353438346661373864623163386630666539
32653861623738636133656331643934396534353530623838383064626634666562663239353933
33646461636339643334363765636663313961386235656663646161643735663736323433346238
38306562343937363331643737326532316539303337623431306631623163623935376539643136
32323339613263613434383431616439643461616565386363366531383830356430383032643238
33666533353831656435343333323664393664646531353332353238613461343037623338623831
36336131393232303235343834346630363165366136346136643336613130386333663933306133
38306137393161303833343661346533363536353861666566376136356262346636353730366434
66653466643937396163363464636136613264306166653836396233396333336134306438643766
35633839666364626137353337363264363062313733623338643463386562636461393162646265
39343931383038633564353131663965383361366231323834306337326466336135666236313763
38333164653265643632636162313334363537313134323739313935333464653266363965376239
32356436393636663134326532663762656562343236313562376162303432376535363535366161
32356630666664303062306637663433316330396339646461326232343535656230376165633263
39393462336333646135363032383762623333353439333634383061366130316164303963396336
63643735303661346266393030656434343838383863623035653561646566343733306465316433
31303438323765653664323533623561633532326432663463343363333934623365626463643938
35346232313062316262343861373836636232616131356534326437306137346536663239613130
37366330346530623638373165353831313966363137613661656137613766653238376639653339
31666333623434356665303435326334616239373665326139636662366538656233306365636333
65383961643532616663306462326630383235303134346564353533383130313339613132636133
61613533313736386535386134663863393434616233376633303133303731653438343232366635
64336131316261646432316438323166303465653439613236326461626231373439623065646136
34393837643762633963653865326438613632623636323332306239613962373230663337393536
66636365643762613231333931363063616431663630636131373938396138366635393966386163
31386263656437633837336562316239656238323630643730313134376633303938303031623438
31623937623965376139623439343961323730396566623735313538643764306439656463643866
66323864313333333566393436646234386262616566626466633066393730336531306230323237
63636466356637333434623965356230373336633664356635303733663135643862373735323961
39616630376434383634633634343763313634613764643031343937316235303033663234313165
39656537383935356664386332616436343263626266363964643263383866323339666461336563
35346437643765613362363530656662313535343633303163626264633037373937616430323661
33306439343930353435363465663637373765356164336230363138613137386235383039323033
34376430306461613436343236363239353434346236653030363666653734316665326663376265
39363963356139336234333565346337353734363530653836663237353234656430633565663334
39383436353863643466373636393236356533396531303263626365326334313731663565623531
31633630326134373266663630363662313265653338336564323430656136363163323766343239
61336365623333633563383936663639373862303134393535383931653361373938623338636431
34646237343031306434646461633135336163333432656336316535343132303466306537363330
38373332613230643932376330393431623462653737306635323062356163643364646630343139
31393031653731373465663932303931366232326339343132343139303437313032643863623039
30666331313739346363626361323338383130376237623864313437646364616166383362326261
63313038353638363862333438386136393735333565393465363166303263666434326634343937
62366165616638346632353361343865663766663030373534353466656637633237623232346136
66366531323738376661623765666265353137663937633138626433316431323138316466333935
39613430393066373262393139323631643962666539643231613564613731613837626630343634
65636663643936316236333538393935303531333362353333393333663866313931356438386436
34356664383239643933656362316232336161333533656461643439386230333064626336626665
61613634663063366163306639376165353639373632636333323162346135336564633333663738
64646562353135306237656662366132376636343466373433643932643238306565363731396138
30343862363535383161643035636636393736643235383334326661666561616330393736343435
66386634633138313635646563393866633532383365643262393363613136353239383930353833
63316430666436623531336262623464623664616363376330373132303138666464343934386233
65353534653537306134643535333734356165626432663432396330396265396532373661626438
35643730653163656130643834306437373966353636363862313830323337386134653036633835
39316565373261653633636337646366326361383037646466626230363432636566633464326161
65353133356238663836323938313963313730666364366537363361376264623266306137663637
31336365343138363639636364373338343364626563663131623732653533663965666135323139
39353734626636656563383730623637393762636666663633393936346532326666383538343762
31333864333732323663623461306232623762376232643162323337303139353738366362326430
66643832336432373233363634303463346538613131626361343239663862393166333866373632
66396633616666383638366536373764326165376333623661333866353164303935306333666432
33313230356438376161613866313765333562323766666332396134323265383930653165373561
64663961643631373231303535363031636134303231386161393965323835666261
