$ANSIBLE_VAULT;1.1;AES256
34313661366362396535383638326336326437623634333537633361643131663138306661653737
3038336162303930646565656465306565393830656232340a313861646362343839373738366461
63303532613335313432636634346532366235643563646662313765393738386563616663363135
6664373234323239380a616135396264643736373034366161356566656666326233646331396137
65343739656565653631613034303630383766633630323933616537626663613865353633333236
66626462653733373366323362366162313463633438653233353137636530626663393231313661
66393261633338373835373363393964326637653333393730316534393861643263373137626331
33653364303862333736313064333636316638663133613361343063653836376365393161613539
35643432623838616563616232333039316633313639396138326535613135623665353665653765
63316433316563326562613265353632393766613065303039633966623365346364356435363163
32386665623432663861613435616564313965633632626463373961346266333735303238616361
64353662666637316533616337613137643733393734383036373732313536663039373563393837
61613666633761383939636433333930613862393930626239386534396562333265393034626435
65393836623439396162633365396433373833313235383537653566663434353966316263653739
64313965616366346239656264343761633333636539613230343435376433653166363332663561
65333134356463353262323062363432653834313931666337343634316536646335653463653539
62336338346466616333656666626532393662306538343139303633386635373437643061326661
31653336636262383836613139616236636336343237653866373166383161666636306363613163
33356135326430393266383461663236306265633163343863383662613636643632313564653934
32613461346536373130646338646336373861623066356330393166316161336131373130323965
38653032323963666232366363346337663637666639316661396365616465356262323131666166
65616531313433363865386536336239383462373931343133393932383832646137613838313830
38366664656565356430356632356637313334623363613062653931353130623638313931666464
39316466393262646462333235626165313436643730623864353735666538346534383131636132
39626630613863636265636234636130393237396531613934303566393835383161663261353830
64316366643433303832313438386133313636663430663132613535616138613032346563616165
33333932613462343735613339633666356231356561326635616330303832343032303939623862
66353762333866306561303036313365316132323837306261343061613537303539646532666333
32646665623365333633343835626532663535366138393638633063393135643633646336356431
66376262343532646437333466313431383132616433303162313064303563636363646136363561
62373231626631343138633965393334373830646330633230356662636566393864356137366562
36306534616430386633333635623065653466663164643062346432616630623135666531313439
62323033323964613864343165616562373165626665303531393332396333633039383434386635
30363237323231326634393963303866336261616439346330373139616338346132333566626263
63376134306134396662613738383438396635376531343235343538373565356566316432386330
62623839346638646264356134616662626462343564666234396262343866363561636137386233
66666335323930353435626639616665656561366334396666383064323461663432373464633038
36363864313263356139313330316564353430643763333736326131623537363334383232393232
62613438303338373063653666616336626164663466366466393633356362643961343365356437
66353737336261386331313138616566346639343839373961376465636434316239373266613561
36333864323564633539326462666262303761396534663430313038616439363235346131623865
62326665306637636138643737623937396163663162313231353363613165616635376133643064
37346134313438623038383038373037613238643265346430613061396362633638333666616532
62363631383130643031396163643532316362633064363834343363626636363064383732383762
61373833306332623263613537626435346261636433393963613830616135626139393436646666
63663938363535346135373366656465363062306661643636386131383838326361636332633633
31393935396135303131383963346564616436613065666630303261323161663132633863353437
31343361333839623361623463396636656265333531396533653638356438633266626561373239
66396163346233646463646564383633383161313862376165396232626133363262663062303233
39656666656365666536323434656234316233323234323132396130386639393133356534396533
65636163316564336461663130613261363266636233373638373534353966353564646566396336
61383831663763646437383331363062363536356234613839653931363464323861636662353037
33343330646433316331363961623064393166353536303265376331353137313934616639326265
65323537303435366264353261626163616339313036643532643564376636636139653766373665
66353061316462326135383239363539663237633233613430653465343763643064633931363036
38343036346432626533313230313661376638383437376166323261303935386235666531643232
35636536376335643534353438343039303065393932393136643130666663346335636432363433
31653764316132666234613666363033383965346332633466626431373534316161323232363331
62633837623331316239346536313264663635306136373565376362373639343337643030363234
37613961633632653437313438623230356461313038333438316633346131666165313034636338
61333134336263353633643231313563323366656436643137623034346535656236633062643136
34303337396361363864303531343463336636343164393934323236636334666639383830666264
38346132393131643832313963373634346536656663636561633832326565393336653932323631
65656435343832643939656365643164613562396139393634366261633765623839346364393062
63356561396135636433383330643836393032666636623362366539646333666364626637333533
32663335326632653532386661333835643632643139363233316530366463616437663834303464
36313837323837646133323365646333366337393037336239373932303262343462616663313763
64343537643133306534366633376632633830313266656233653563333861343139386161613766
65376635393034383761393736376239626235633734396162383066376636333164343566663865
35653730316637663435623132653234653836666638336561313835373835373639383865633033
34656534613337353936633532333335376232323837313638333734303466303362616564663563
39383234636531616633356362383563326530626634336463373362626363653235623636333061
37353537326237313966613464363739663639333039383133653337353465633431626262616334
30323633613032666230323237326137656364343962396530373663663561333034633535333231
39393333323565386530353435316461616262333339323636313130356463333037306133646532
31616134623863313437393639353765643432383361633431373731663336663238626236316461
35376161653733363835666232303338333963623632623638333239303831643135663032336335
31306364333934366238323366323334363538663934343234306565326330643662343463646135
30646439343432653030346264393133353033326133646166656134316634623439333261363033
30336266363033646335303763313135623231316431326161396231313762613532306163396666
35643865393935353263323936333733616362333835303736363538353937663765666338636632
61653961663061613435323864353737373066363162656562616630623638323435363236653664
32363035653461643035313461663739656566333138663135363537616464333834306135336663
31666130346438373364313330663830633038626238643138646433646437346362636338633562
39323534333232623933363738646265373863303936323362306530353566346563303632316334
39623765663139643732313266303737663965663734363665333437353965373431613261616561
61613038323735653864343866316265323361373664386233316537376536373265386639303462
39653738393034663538316635366335303635373663303663363834336235303162633835313662
65343738366363343438303432636462373735386134656562313834623932353538373262343264
63363332633336616238613863366435653263323133396632366638303062323930646335383838
65643939376563333964353761363339663532353239613834373036613965636432306363393134
66383264303633313364656330643736386566613465633034316436393635373463313333666430
30656432623533303932616363396335613766366637333863306232383164623166386230613239
30343561346231393436326432353766613435373862373165653264313965333632663838323136
38663133653065643666383533623162663765623835393061356566643433373935376166663165
33613461363963633139343363313863653633326331623331326530393133663038363461653137
66616465633439616536636237313136326336653331653861643461623038306630616335333232
30383731353137343633353933626666323235383466323864336264353438353431393239393565
62366165363839313339333330666137396233306139373335666262393134323530316264316331
32373831666332306533386566386539633632346535326435353031333165343462393534376635
61383634656162636463316230396631626162333466363536313261313461383639666238366562
65313861633930643062366366633333626364333537373636626662616135656635313664383732
64396331643862613162333462303731643363313233663263666363343937396239353562643538
65353337343164656639616661353834646561643264316465386432646662303337333138373930
36316336323633356463326561636266306662353161326534613663663932333330363631383566
39663564636666353134303437376665643633636134336539613936633333386538343839386165
64616336393435383163353637356238333964323462656166356662646665646565383464393036
39363934386661356164313061653064656562303864613263313838373734613563636161353163
36353434323038393836646234383861316238633562316535333164383162356230383337373862
32623232613463616535343831386339643765616136336631333732613739386662633062626235
39346531646233643537313464373737323538323861613566323262353666326661323634626666
39353036396131363732366563666135613161663335663633363935353861346536663634353663
32336266613930643634613762626230323039626634366332316431313064356263353636653164
33633561393633343133303166633734643838303166353366323063633039663037643063666563
34376361353935323565333935363363613462363332323565346337353039356137656335333431
34316264336435396262383361616432653566383532666462393466626139313764363163616562
64366137666534363332663231656130653130616236663461626662386466636535326465613336
64333565396265353532643932613064353566633932376534396136353835623766646335373339
31356338376533316435386233366465663835643238396630613366383163323238653461376666
39663039636137623538643133666366373933303665623231643232326265386434353235373965
31323437616538646563356438326162366133383364616234633439666639653263653530323563
32623164663063326137626433363837366635666230643834323765363636666564303961346361
31303836313837363134323465623935326633353131376339326263336634613737316535303635
65373264636662636133316239636564643663356435376566623463356233383138343063633562
31383664633333343730383239376165616234366461336435623838396263323731313935373564
37383666333538313061336362353164646261616662393665653232653832613635343835346436
62333735393138633636636435306661616463303764376262666637363935656631363236633139
66363738316232336434623239323331373666366233376465363765666536646236366530316332
32323631373131353239313631336461313165323461373933323163303035623266356330323261
36366639663162363762636531666438306133323761643937633464323237643464646536303462
37643835353034393762313333643539353537333662336139383137613132656136303965323138
64393361666634666265663531663437666636633033623133373434363136613164323639363166
34633664303934333132373535663565383530306339653938313630393364393533303037666539
37336362323661666335313232623136346161353733613231623363663463373534386532366166
393362663039383166613064316366333366
