$ANSIBLE_VAULT;1.1;AES256
65633239643235646232306437663065346634643931316165306630666461393861393630613338
3837646639396164393934636535373332623236646264320a323132616465303034343230353138
62646336343739613966623461626163336264613764613937353863653231643362636538336165
3734396664363236390a643965323538663134326364613063643364363135366434646331323463
39356461303533373339323337326635353030336661353461373031313730636163306464636336
36316530636238353833656333386236303831386161396661346137633962316438633139313435
32633163383965346566656632303334653133613133653638343839373239633930656433306634
37623965643338613936303634313932613763363865326230336339393262393030663431313265
37626532323632353761346564366362643765646330616266613132366434623633666566393137
35636435306162353133653164626636373662356637643063353663626437383832626230643239
35373031303263653237363563396436393931633135366433623961313237323062386538366135
66323933396639363432393739663563383763393530656630636566316565373136306261363730
37636136336462656261333139666334636430646634306130666265366632306635376431313633
3331636261613761333765366466613163663539663463306466
