$ANSIBLE_VAULT;1.1;AES256
65363764323361313132613034303732623030393039343032656661666365386161313837336636
3561343437376637663936643534356664346338343036610a363164666462616138393461373039
37383138643131303735313630303034326264653064633131653037383561343664386132643938
6233663430613431630a396565333832303533353635386363643061363038346332326438316632
32393337323966356239653637386130303737303964626561353061306461333164663536396363
34326166343265643761636431326665663834313062663462623966656637393530386265306437
64343661623538343665613034353631646333373166646130393732653639643334393463623436
35663438633632303731313262366362313634303430383732633966303534343933356165623862
31353534663131343465653834616131386166326663383366623765376133653739386332323661
66393635613262366332306135396330363264303961323138313065666336316430306338663636
39353939666433326163333466623138643132353162653230343961613236393463386162336264
65616433636132653039316263373731383436316533303434633337363633616330373136646361
35616365343361363063323965663036363837326534643639356562393838636234636263396263
35326665663235336563363234616530363866626632386132666131643431386266396239366439
33386636353636323665313262663764643363373233393431373130306561626161313363373535
33336433356430623862396139373061643863636265343637353862363137643336626666653865
35363866623462663237343330363636353065663562383838633334333465636431356563373138
36366461313765616162373938356334643133633230353135323432633736666232656166326661
30653366316663326365653337643835643861326364356463623763616234393435323462393330
37353164626532336162643134663661373831353834396539323166643733396662396562353261
33643238333233336364366431316431376362633231346366333330663239396239363131616131
61653464656232376266393636663963656231636162356539643565336634386536613238356630
61386238653638613661626665393535663632393631376430343432613462616539623830643438
64663738633932343163656635303038656339376131646162616138656364623239366665643238
35653439353833366639386264643462626334653735356537626263363030313665343862613439
36646433346431393863333162343563396534633634363463666364646461653038346361306265
39366236356237613331646638303331633538373466383462656365363237616631323765353339
62313665383761323937386631356537663233376230653735393864333339656533633433343939
61316533633130643034343837633532386433363264636536316339336235343963656333366133
34353265626230626539373533643464323432643862353535623035653935633136643261396366
32633535316534366330656636326161363465663633656665626232626230646631303939653762
31653134613734333139626366386338346266646138633732613339356439313838653962653739
63363766646333396237303333303639383562666433326662633438316139363038626561396562
37363766626134393338643030333033323935386133383164353531613730306266643234636564
37333536383036303838616464666266313930306463343666346166336534636537303064363434
34653033663531383730656134303137396165313263613830313131336238333661656433623436
65303761313439346130316534323936363535393934376166343732343863383432646339363661
33356134623933646439336531653430363431383166663862306331346230653831643562616530
66306431396261376564653137393539306432303739633431616438616262383639613864663738
38316330383332656531616136333335643161356138633136383361653730653564303439353332
39326133633362613636303831626164376462333337653966663165643134396166346465646563
63316436303237653061323830653535643736393433326433333436633464306437376437303239
36303766623633643561616330383366663237373437653631386636313831653363323038626437
33646461633939363833363961663737323962373531643433626636386439393233343266613836
38323336383964356239353335363261313161316533646536383434623533303662383037333866
30316561303863333566313930643433373435663938373561343564353666663961336165626338
66326534633539336566356333633631656132666137383565646630663635653538313665323736
62363564616465313830346165613065643863303734323431616131343962666135396564326464
35613339623338646233393461333362376532343533613132643765353535383465323031343235
33393262653136323563346563303736303232663564303336633631626135333639323361616134
32396662313265306633373366636532343563633139306162656231306566616661363364646330
35656639363162653137396236323066316664326366363335633963613030356338333532636332
34626263666531356234626366333235393437306336313366376162383862366363373238303432
65323230306636393938356331386438383336353336376463353131393034346365383937613034
31376639636637633033313361376666323539353262616533656261373937316230353761366666
33363033373661393934643631333465313364653861356165646161333532376531666638643363
30616232303736366435616562386538663433353135383737626465663535393565303664356364
61303136616161643363353365336133393138663966613531663835346538393031316430656466
39613362333534323033373438396130666264333030383838363737313432623566353530653862
61333861653531333937643162353962383633366562613764633461386136666538316235376533
35633531636132353063323736306437643565313466633036393730626432356538396165376539
66363031643537663162323335633939356633326539303566666135383938376466643330396437
63323037633230623466333061366461363234643461396630343535373938613033626635623439
61383666343936653337363863613431336434383866326130376232376563343937353663303636
34313237623232393937643362383833313462626634393563306366633635343633396131666565
39323162613139616536646336356536656636353734306266363430366265393736313633383438
30633436376136353936383939353164663365663266393338643730336161663834306236383663
36333934383936366461306261616139336464363535343433313464303730643539303335316437
33346530346233303764616230643335396636626461633161653764353661306532653466663163
31333031336432363561366637373863366437333532306438313661383165653665363330346662
61363838383861666139333365633436616465396461633764663466353739323230666561323261
39393435646662366265333638666662353762353261386161663533316132666130303539346232
61383666316133393138336639313464613333613562366261336334333838313762613234633562
65356463613039626331396132393530336339303531643638643262343762333336366430353334
66313334616664336163306635663965633662656337643733633933343532663063323764393935
32323235396432396536663338356162316364326439663537623535323432353539326165336138
31323063373465303337376539353537643832363861666266393432633136616639333633633830
62383133343135326238626366333535316162663263326537393837636639653438366638356632
38336538346131373734643537313035323362633631643465333363663863353234343535346639
36383833653333646536383133663664633033353465323030323530626237663461636264346139
31373230326237333561333261613566376538613435343636386531316632386338353534393237
63336233316663323431386662383933666362623037316462303331303761663036666435653338
65666338303763356331333238636131623937336239343833343966383933346635316332383062
37636264653435303262333031626435383565306362353065333362656638653330346432333063
39613966303066396231363666396163373066316135343538336464313936323463373335316237
38313635336639346663643031356432346566336334333862356334653837373836666664626366
34306264333331383934333538636330333163646365613630343337636337623734333635393462
34323266613439613032313135366161633638353732366662353231353636343961373437366463
36343132326161333235306264373638313232616464373536616336633332636635616264326334
34623138313262333337633837323731343039313665633535333264393565303139313934666238
36396634316461613862353730353736346433633339646433653566636266363336623639383136
66313636306162613063313530396638303862663264353731393165396266376262303036373333
31663238333132623631666532323763386232353236373164393465326662303062356232393435
62643939643963363761346261373564396264623837393463333636373234383130333637633062
38393139653664333332666135306639393038633538383030663863633034313432396463306165
36626135646231653936313665306334356339396230636436316336663462306161363438396432
63356239346539613234316433383932353033356362346631326262343738333539323563613135
33346261366566393663653738303064386366363235643331353739343230336633653666633262
31326635346531626561616237306161626332633731346166396531303739353438346235633031
62386361346536316666643731303733313161363031313530656665626466636537366637323963
63666435313931663063313730346265643239356232616463613435373134616466323031376666
38313762363330393131393932343264383061383232656637313530633831623630336435333164
37313963616137623132373165396261393533313735306430666535393865376266626235376661
35646335356439353636393035636164633434646335623737373237363137633038363635393231
36613530613639633262363330666566383861303865633435383366376364303864373762313762
62643234626236633431633961363935623738346134636233646333356336383135376337363931
32323637643433383265663631363463656136313064633862306133623061646339316638306437
62353533376630613565346238386232626338633635613865616462666635343436383363333764
64663962623065616439353966616665373930396662396261623734343036646637386362626662
38663434653031373061366432656639613161356261666331663462383431613366336461643961
33383865333763396333363834663735336665653430343833333937346566356432366532636666
30373337393762613162623836346637633031306636333164666135353163393437363239343264
36386630343931393961343636313461356130356361663437313830643337343936386439643738
37333432386239343366353636376134363538366131646639636336373330346366353766306131
32333533373030383166393331363335326136656237656535363331636330643034363166376463
63336232623636643565386264343637326635653138656661363337663663643638386435646132
30623334393363313236323730613130313433323964356139643630346232376636613862343763
39623738666165626632336232316366623965356665323136366266353730323937303864626339
32373034663637323562373238346434633164323465633930656466656534633839346430383632
38623437303836323532333764316232653462316261666637653339323830313765653466633461
30346534663335386362343862646463616566383735626434396465313338393532306166323261
30616363643966613135666632346635666436306538376562363639636162376666303735356238
34323563393133643137393361613935356630663236623830363538336561383465353737303333
61366631373532653934376136663939653238373039363065663930353931323133363139643536
39383933386164353834643234653065346237376133326633646431623331363636346533376333
66316562646663363130616537316261363564623937366333643133323865613863363863343665
36643766616331613531396233633165316361363833633139626532623735333266333064383036
37396433333132623332323461316365646531373438386236616533323065313762626438623338
34363436356161646264373265336566376165303665376231323337656261653662313134343431
33636230373339353230326263363734613261393330653939333834373735633837356662613462
63653863306561633861373137613931613663663636313538336437326637333664343537633665
65353031396331393066613163373239326261623366366461396139333932346134663033363964
32383830643136316632353663663535343033646662666538323063656163616664626637353034
63626164363461613936326232643739393530343661323163613063346131326639316139383738
36323236653361313932323733306335353738666532356434613734613963316535613037643235
65313234373232373236616334323366653262346565653731356433383965363530623466373165
66623232666561646333373438626438306133363436376130316132333239636161363336396135
37613764373466643265613533323262633664663263346335386238306366333831386539343438
33633261386634393630656132383763663431363932336264633862376331643766396536663662
61356431646235643766303930356461613164396138376231323836613430623831326239613261
64336662383261613035326239313538356338346166356565386163343765616434386638653763
39393538653766373635333732636334323130316230376339323964376261366665386636303136
64616666353439396663306464303639333064613037646238633931653335613261303330346338
65326433356266623037643132306366653935313230346466333332353732383433303362633236
66383031616136336337333639363464643339653437333630376235376164333534623835633939
30636364653838636532373138393961336137303935633937323939383930303661386438333234
65353934653862383036326337303432633865613539333366363565666566656365343734316165
66336565316261663137626435303164623032373930623462396633616437323436376539656339
61646662353662633362363732356361626135666536343739383837643063646631303562363734
36653630613565326564386534323938363331643230373166616262356166313035376361306666
35643065636339636139383662396666643131653764623736323362343931633033616365356266
61646430326236643934316462386535613139646662343461313362623835316431623063373738
35653737393066363836356564313162343064626262316535323439373435643665613863343862
62353839616437336138313866636263303264316263666338313238316432393031306466313333
34366161393464646234333464656261613635626430333966643366663537323562373436343061
39303833613234653630646264306131323536306165373334316233626466633836303564376461
30313731633736663838663432316133663734346239323864353432663932656465653433356131
35326539346261313864303733346433306434323732326231396262363364306664663434346637
35613265363730346138313737376338353066623063646262323363316461353236663262636162
62653937623761316262303333363536613035656363623438386538383739626536386233363930
39343532666561353530363435346439383835336132336138633936316134663632326434346339
33353737663333366132363562356534396430306133316266646165656565363631313761336635
64303564396231383032396566373834396162353635643136386266626666353034666532666261
31333661396230363161326230336336653839643536353531356330643566376462623831633531
64643936663035383566373636633738666230306235663164643065386430663034343533363732
3231613134623339306236663931613230313862346136633132
